Logistic Regression:
{'Accuracy': 0.9508196721311475,
'Precision': 0.9629629629629629, 
'Recall': 0.9285714285714286,
'F1': 0.9454545454545454, 
'AUC': 0.9761904761904762}